{
	 "rootnode": {
		 "name": "RootNode"
		,"transformation": [
			 1
			,0
			,0
			,0
			,0
			,1
			,0
			,0
			,0
			,0
			,1
			,0
			,0
			,0
			,0
			,1
		]
		,"children": [
			{
				 "name": "Hips"
				,"transformation": [
					 1
					,0
					,0
					,-0.030205
					,0
					,1
					,0
					,103.255
					,0
					,0
					,1
					,0.410376
					,0
					,0
					,0
					,1
				]
				,"children": [
					{
						 "name": "Spine"
						,"transformation": [
							 1
							,0
							,0
							,-0.002448
							,0
							,1
							,0
							,12.7775
							,0
							,0
							,1
							,0.315252
							,0
							,0
							,0
							,1
						]
						,"children": [
							{
								 "name": "Spine1"
								,"transformation": [
									 1
									,0
									,0
									,-0.002856
									,0
									,1
									,0
									,8.81951
									,0
									,0
									,1
									,0.086597
									,0
									,0
									,0
									,1
								]
								,"children": [
									{
										 "name": "Spine2"
										,"transformation": [
											 1
											,0
											,0
											,-0.003264
											,0
											,1
											,0
											,8.63105
											,0
											,0
											,1
											,0.011322
											,0
											,0
											,0
											,1
										]
										,"children": [
											{
												 "name": "Neck"
												,"transformation": [
													 1
													,0
													,0
													,-0.003672
													,0
													,0.997413
													,0.07188
													,21.1995
													,0
													,-0.07188
													,0.997413
													,-0.826883
													,0
													,0
													,0
													,1
												]
												,"children": [
													{
														 "name": "Head"
														,"transformation": [
															 1
															,0
															,0
															,0
															,0
															,0.977129
															,-0.212649
															,20.0418
															,0
															,0.212649
															,0.977129
															,6.29165
															,0
															,0
															,0
															,1
														]
														,"children": [
															{
																 "name": "HeadTop_End"
																,"transformation": [
																	 1
																	,0
																	,0
																	,0
																	,0
																	,0.989886
																	,0.141863
																	,35.0226
																	,0
																	,-0.141863
																	,0.989886
																	,0
																	,0
																	,0
																	,0
																	,1
																]
															}
														]
													}
												]
											}
											,{
												 "name": "LeftShoulder"
												,"transformation": [
													 -0.011799
													,0.982234
													,-0.187289
													,6.57635
													,0.00225
													,-0.187275
													,-0.982305
													,17.5884
													,-0.999928
													,-0.012011
													,0
													,-2.7445
													,0
													,0
													,0
													,1
												]
												,"children": [
													{
														 "name": "LeftArm"
														,"transformation": [
															 0.99993
															,-0.011797
															,-0.000113
															,0
															,0.01161
															,0.982234
															,0.187299
															,12.1695
															,-0.002099
															,-0.187287
															,0.982303
															,0
															,0
															,0
															,0
															,1
														]
														,"children": [
															{
																 "name": "LeftForeArm"
																,"transformation": [
																	 0.991152
																	,-1e-06
																	,-0.13273
																	,0
																	,1e-06
																	,1
																	,0
																	,18.4489
																	,0.13273
																	,0
																	,0.991152
																	,0
																	,0
																	,0
																	,0
																	,1
																]
																,"children": [
																	{
																		 "name": "LeftHand"
																		,"transformation": [
																			 0.986018
																			,0.084627
																			,0.14355
																			,0
																			,-0.089753
																			,0.995524
																			,0.0296
																			,29.5278
																			,-0.140403
																			,-0.04207
																			,0.9892
																			,0
																			,0
																			,0
																			,0
																			,1
																		]
																		,"children": [
																			{
																				 "name": "LeftHandThumb1"
																				,"transformation": [
																					 0.507055
																					,0.519562
																					,0.687714
																					,-10.1762
																					,-0.178232
																					,-0.717441
																					,0.673432
																					,9.79439
																					,0.843284
																					,-0.46404
																					,-0.271179
																					,2.56517
																					,0
																					,0
																					,0
																					,1
																				]
																				,"children": [
																					{
																						 "name": "LeftHandThumb2"
																						,"transformation": [
																							 0.99998
																							,0.00189
																							,-0.006103
																							,0
																							,-0.002048
																							,0.999659
																							,-0.026033
																							,-6.35964
																							,0.006052
																							,0.026045
																							,0.999642
																							,0
																							,0
																							,0
																							,0
																							,1
																						]
																						,"children": [
																							{
																								 "name": "LeftHandThumb3"
																								,"transformation": [
																									 0.995611
																									,-0.004544
																									,0.093476
																									,0.012248
																									,0.006899
																									,0.999667
																									,-0.024882
																									,-5.95578
																									,-0.093332
																									,0.025418
																									,0.995311
																									,0.155081
																									,0
																									,0
																									,0
																									,1
																								]
																								,"children": [
																									{
																										 "name": "LeftHandThumb4"
																										,"transformation": [
																											 0.125285
																											,0.374195
																											,-0.918848
																											,-0.041695
																											,-0.204635
																											,0.915977
																											,0.345123
																											,-5.71466
																											,0.970787
																											,0.14479
																											,0.191332
																											,0.291733
																											,0
																											,0
																											,0
																											,1
																										]
																									}
																								]
																							}
																						]
																					}
																				]
																			}
																			,{
																				 "name": "LeftHandIndex1"
																				,"transformation": [
																					 0.99115
																					,0.089752
																					,-0.097809
																					,-8.75265
																					,0.092197
																					,-0.995524
																					,0.020765
																					,25.7823
																					,-0.095507
																					,-0.029599
																					,-0.994989
																					,0.511814
																					,0
																					,0
																					,0
																					,1
																				]
																				,"children": [
																					{
																						 "name": "LeftHandIndex2"
																						,"transformation": [
																							 0.998534
																							,0
																							,0.054135
																							,0
																							,0
																							,1
																							,-1e-06
																							,-8.79288
																							,-0.054135
																							,1e-06
																							,0.998534
																							,0
																							,0
																							,0
																							,0
																							,1
																						]
																						,"children": [
																							{
																								 "name": "LeftHandIndex3"
																								,"transformation": [
																									 0.996761
																									,-0.047483
																									,-0.064904
																									,0
																									,0.071183
																									,0.896479
																									,0.437331
																									,-10.0752
																									,0.037419
																									,-0.440534
																									,0.896956
																									,0
																									,0
																									,0
																									,0
																									,1
																								]
																							}
																						]
																					}
																				]
																			}
																			,{
																				 "name": "LeftHandMiddle1"
																				,"transformation": [
																					 0.995957
																					,0.089751
																					,-0.003821
																					,-2.31238
																					,0.089825
																					,-0.995524
																					,0.029374
																					,25.6491
																					,-0.001168
																					,-0.029599
																					,-0.999561
																					,0.762627
																					,0
																					,0
																					,0
																					,1
																				]
																				,"children": [
																					{
																						 "name": "LeftHandMiddle2"
																						,"transformation": [
																							 0.999038
																							,-0.02845
																							,0.033382
																							,0
																							,0.028629
																							,0.999578
																							,-0.004892
																							,-9.39402
																							,-0.033229
																							,0.005843
																							,0.999431
																							,0
																							,0
																							,0
																							,0
																							,1
																						]
																						,"children": [
																							{
																								 "name": "LeftHandMiddle3"
																								,"transformation": [
																									 0.989881
																									,0.086824
																									,-0.112235
																									,-0.308436
																									,-0.045688
																									,0.943849
																									,0.327202
																									,-10.7674
																									,0.134342
																									,-0.318763
																									,0.938266
																									,0.05274
																									,0
																									,0
																									,0
																									,1
																								]
																							}
																						]
																					}
																				]
																			}
																			,{
																				 "name": "LeftHandRing1"
																				,"transformation": [
																					 0.995889
																					,0.089751
																					,0.012218
																					,3.98851
																					,0.08934
																					,-0.995524
																					,0.030817
																					,25.1115
																					,0.014929
																					,-0.029598
																					,-0.99945
																					,0.667199
																					,0
																					,0
																					,0
																					,1
																				]
																				,"children": [
																					{
																						 "name": "LeftHandRing2"
																						,"transformation": [
																							 0.998675
																							,0.011282
																							,-0.050203
																							,0
																							,-0.010253
																							,0.999733
																							,0.020707
																							,-9.3938
																							,0.050423
																							,-0.020165
																							,0.998524
																							,0
																							,0
																							,0
																							,0
																							,1
																						]
																						,"children": [
																							{
																								 "name": "LeftHandRing3"
																								,"transformation": [
																									 0.997668
																									,-0.019894
																									,-0.065292
																									,0.101783
																									,0.041465
																									,0.936484
																									,0.348251
																									,-9.92587
																									,0.054217
																									,-0.350146
																									,0.935125
																									,-0.205643
																									,0
																									,0
																									,0
																									,1
																								]
																							}
																						]
																					}
																				]
																			}
																			,{
																				 "name": "LeftHandPinky1"
																				,"transformation": [
																					 0.995962
																					,0.089751
																					,-0.002081
																					,10.6413
																					,0.089773
																					,-0.995524
																					,0.029532
																					,24.699
																					,0.000579
																					,-0.0296
																					,-0.999562
																					,0.743048
																					,0
																					,0
																					,0
																					,1
																				]
																				,"children": [
																					{
																						 "name": "LeftHandPinky2"
																						,"transformation": [
																							 0.997317
																							,0
																							,-0.073208
																							,0
																							,0
																							,1
																							,-1e-06
																							,-8.4251
																							,0.073208
																							,1e-06
																							,0.997317
																							,0
																							,0
																							,0
																							,0
																							,1
																						]
																						,"children": [
																							{
																								 "name": "LeftHandPinky3"
																								,"transformation": [
																									 0.9974
																									,-0.064616
																									,-0.031904
																									,0
																									,0.071133
																									,0.953685
																									,0.292275
																									,-8.14698
																									,0.011541
																									,-0.293785
																									,0.955802
																									,0
																									,0
																									,0
																									,0
																									,1
																								]
																							}
																						]
																					}
																				]
																			}
																		]
																	}
																]
															}
														]
													}
												]
											}
											,{
												 "name": "RightShoulder"
												,"transformation": [
													 -0.011799
													,-0.982232
													,0.187299
													,-6.49879
													,-0.00225
													,-0.187286
													,-0.982303
													,17.5884
													,0.999928
													,-0.012011
													,0
													,-2.7445
													,0
													,0
													,0
													,1
												]
												,"children": [
													{
														 "name": "RightArm"
														,"transformation": [
															 0.99993
															,0.011797
															,0.000113
															,0
															,-0.01161
															,0.982234
															,0.187299
															,12.1695
															,0.002099
															,-0.187287
															,0.982303
															,0
															,0
															,0
															,0
															,1
														]
														,"children": [
															{
																 "name": "RightForeArm"
																,"transformation": [
																	 0.991152
																	,1e-06
																	,0.13273
																	,0
																	,-1e-06
																	,1
																	,0
																	,18.4489
																	,-0.13273
																	,0
																	,0.991152
																	,0
																	,0
																	,0
																	,0
																	,1
																]
																,"children": [
																	{
																		 "name": "RightHand"
																		,"transformation": [
																			 0.986018
																			,-0.084627
																			,-0.14355
																			,0
																			,0.089753
																			,0.995524
																			,0.0296
																			,29.5278
																			,0.140403
																			,-0.04207
																			,0.9892
																			,0
																			,0
																			,0
																			,0
																			,1
																		]
																		,"children": [
																			{
																				 "name": "RightHandThumb1"
																				,"transformation": [
																					 0.507055
																					,-0.519562
																					,-0.687714
																					,10.1762
																					,0.178232
																					,-0.717441
																					,0.673432
																					,9.79439
																					,-0.843284
																					,-0.46404
																					,-0.271179
																					,2.56517
																					,0
																					,0
																					,0
																					,1
																				]
																				,"children": [
																					{
																						 "name": "RightHandThumb2"
																						,"transformation": [
																							 0.99998
																							,-0.00189
																							,0.006103
																							,0
																							,0.002048
																							,0.999659
																							,-0.026033
																							,-6.35964
																							,-0.006052
																							,0.026045
																							,0.999642
																							,0
																							,0
																							,0
																							,0
																							,1
																						]
																						,"children": [
																							{
																								 "name": "RightHandThumb3"
																								,"transformation": [
																									 0.995611
																									,0.004544
																									,-0.093476
																									,-0.012248
																									,-0.006899
																									,0.999667
																									,-0.024882
																									,-5.95578
																									,0.093332
																									,0.025418
																									,0.995311
																									,0.155081
																									,0
																									,0
																									,0
																									,1
																								]
																								,"children": [
																									{
																										 "name": "RightHandThumb4"
																										,"transformation": [
																											 0.125285
																											,-0.374195
																											,0.918848
																											,0.041695
																											,0.204635
																											,0.915977
																											,0.345123
																											,-5.71466
																											,-0.970787
																											,0.14479
																											,0.191332
																											,0.291733
																											,0
																											,0
																											,0
																											,1
																										]
																									}
																								]
																							}
																						]
																					}
																				]
																			}
																			,{
																				 "name": "RightHandIndex1"
																				,"transformation": [
																					 0.99115
																					,-0.089751
																					,0.097808
																					,8.75265
																					,-0.092197
																					,-0.995524
																					,0.020765
																					,25.7823
																					,0.095507
																					,-0.029599
																					,-0.994989
																					,0.511814
																					,0
																					,0
																					,0
																					,1
																				]
																				,"children": [
																					{
																						 "name": "RightHandIndex2"
																						,"transformation": [
																							 0.998534
																							,0
																							,-0.054135
																							,0
																							,0
																							,1
																							,-1e-06
																							,-8.79288
																							,0.054135
																							,1e-06
																							,0.998534
																							,0
																							,0
																							,0
																							,0
																							,1
																						]
																						,"children": [
																							{
																								 "name": "RightHandIndex3"
																								,"transformation": [
																									 0.996761
																									,0.047483
																									,0.064904
																									,0
																									,-0.071183
																									,0.896479
																									,0.437331
																									,-10.0752
																									,-0.037419
																									,-0.440534
																									,0.896956
																									,0
																									,0
																									,0
																									,0
																									,1
																								]
																							}
																						]
																					}
																				]
																			}
																			,{
																				 "name": "RightHandMiddle1"
																				,"transformation": [
																					 0.995957
																					,-0.089751
																					,0.003822
																					,2.31238
																					,-0.089825
																					,-0.995524
																					,0.029374
																					,25.6491
																					,0.001168
																					,-0.029599
																					,-0.999561
																					,0.762627
																					,0
																					,0
																					,0
																					,1
																				]
																				,"children": [
																					{
																						 "name": "RightHandMiddle2"
																						,"transformation": [
																							 0.999038
																							,0.02845
																							,-0.033382
																							,0
																							,-0.028629
																							,0.999578
																							,-0.004892
																							,-9.39402
																							,0.033229
																							,0.005843
																							,0.999431
																							,0
																							,0
																							,0
																							,0
																							,1
																						]
																						,"children": [
																							{
																								 "name": "RightHandMiddle3"
																								,"transformation": [
																									 0.989881
																									,-0.086824
																									,0.112235
																									,0.308436
																									,0.045688
																									,0.943849
																									,0.327202
																									,-10.7674
																									,-0.134342
																									,-0.318763
																									,0.938266
																									,0.05274
																									,0
																									,0
																									,0
																									,1
																								]
																							}
																						]
																					}
																				]
																			}
																			,{
																				 "name": "RightHandRing1"
																				,"transformation": [
																					 0.995889
																					,-0.089751
																					,-0.012218
																					,-3.98851
																					,-0.08934
																					,-0.995524
																					,0.030817
																					,25.1115
																					,-0.014929
																					,-0.029598
																					,-0.99945
																					,0.667199
																					,0
																					,0
																					,0
																					,1
																				]
																				,"children": [
																					{
																						 "name": "RightHandRing2"
																						,"transformation": [
																							 0.998675
																							,-0.011282
																							,0.050203
																							,0
																							,0.010253
																							,0.999733
																							,0.020707
																							,-9.3938
																							,-0.050423
																							,-0.020165
																							,0.998524
																							,0
																							,0
																							,0
																							,0
																							,1
																						]
																						,"children": [
																							{
																								 "name": "RightHandRing3"
																								,"transformation": [
																									 0.997668
																									,0.019894
																									,0.065292
																									,-0.101783
																									,-0.041465
																									,0.936484
																									,0.348251
																									,-9.92587
																									,-0.054217
																									,-0.350146
																									,0.935125
																									,-0.205643
																									,0
																									,0
																									,0
																									,1
																								]
																							}
																						]
																					}
																				]
																			}
																			,{
																				 "name": "RightHandPinky1"
																				,"transformation": [
																					 0.995962
																					,-0.089751
																					,0.002081
																					,-10.6413
																					,-0.089773
																					,-0.995524
																					,0.029532
																					,24.699
																					,-0.000579
																					,-0.0296
																					,-0.999562
																					,0.743048
																					,0
																					,0
																					,0
																					,1
																				]
																				,"children": [
																					{
																						 "name": "RightHandPinky2"
																						,"transformation": [
																							 0.997317
																							,0
																							,0.073208
																							,0
																							,0
																							,1
																							,-1e-06
																							,-8.4251
																							,-0.073208
																							,1e-06
																							,0.997317
																							,0
																							,0
																							,0
																							,0
																							,1
																						]
																						,"children": [
																							{
																								 "name": "RightHandPinky3"
																								,"transformation": [
																									 0.9974
																									,0.064616
																									,0.031904
																									,0
																									,-0.071133
																									,0.953685
																									,0.292275
																									,-8.14698
																									,-0.011541
																									,-0.293785
																									,0.955802
																									,0
																									,0
																									,0
																									,0
																									,1
																								]
																							}
																						]
																					}
																				]
																			}
																		]
																	}
																]
															}
														]
													}
												]
											}
										]
									}
								]
							}
						]
					}
					,{
						 "name": "LeftUpLeg"
						,"transformation": [
							 -0.999898
							,0.01323
							,0.005429
							,11.3941
							,-0.012509
							,-0.993139
							,0.116268
							,-6.18781
							,0.00693
							,0.116188
							,0.993203
							,-0.413817
							,0
							,0
							,0
							,1
						]
						,"children": [
							{
								 "name": "LeftLeg"
								,"transformation": [
									 0.995487
									,0.020315
									,-0.092693
									,0
									,0.003325
									,0.968749
									,0.248022
									,32.5205
									,0.094835
									,-0.247211
									,0.96431
									,0
									,0
									,0
									,0
									,1
								]
								,"children": [
									{
										 "name": "LeftFoot"
										,"transformation": [
											 0.9967
											,-0.061071
											,0.053477
											,0
											,0.075133
											,0.444625
											,-0.89256
											,48.6924
											,0.030733
											,0.893632
											,0.447747
											,0
											,0
											,0
											,0
											,1
										]
										,"children": [
											{
												 "name": "LeftToeBase"
												,"transformation": [
													 0.990917
													,-0.102167
													,-0.087443
													,0
													,0.031557
													,0.808742
													,-0.587317
													,28.7306
													,0.130723
													,0.579223
													,0.80462
													,0
													,0
													,0
													,0
													,1
												]
												,"children": [
													{
														 "name": "LeftToe_End"
														,"transformation": [
															 0.992055
															,0.085822
															,-0.091987
															,0
															,-0.081834
															,0.99557
															,0.046298
															,20.4894
															,0.095553
															,-0.038402
															,0.994683
															,0
															,0
															,0
															,0
															,1
														]
													}
												]
											}
										]
									}
								]
							}
						]
					}
					,{
						 "name": "RightUpLeg"
						,"transformation": [
							 -0.999898
							,-0.013234
							,-0.005455
							,-11.3337
							,0.01251
							,-0.99314
							,0.116264
							,-6.18781
							,-0.006956
							,0.116184
							,0.993203
							,-0.413817
							,0
							,0
							,0
							,1
						]
						,"children": [
							{
								 "name": "RightLeg"
								,"transformation": [
									 0.995485
									,-0.020314
									,0.092721
									,0
									,-0.003332
									,0.96875
									,0.248016
									,32.5205
									,-0.094862
									,-0.247206
									,0.964308
									,0
									,0
									,0
									,0
									,1
								]
								,"children": [
									{
										 "name": "RightFoot"
										,"transformation": [
											 0.996701
											,0.061026
											,-0.053503
											,0
											,-0.075137
											,0.444627
											,-0.892559
											,48.6924
											,-0.03068
											,0.893634
											,0.447746
											,0
											,0
											,0
											,0
											,1
										]
										,"children": [
											{
												 "name": "RightToeBase"
												,"transformation": [
													 0.990917
													,0.102167
													,0.087443
													,0
													,-0.031557
													,0.808742
													,-0.587317
													,28.7306
													,-0.130723
													,0.579223
													,0.80462
													,0
													,0
													,0
													,0
													,1
												]
												,"children": [
													{
														 "name": "RightToe_End"
														,"transformation": [
															 0.992055
															,-0.085822
															,0.091987
															,0
															,0.081834
															,0.99557
															,0.046298
															,20.4894
															,-0.095553
															,-0.038402
															,0.994683
															,0
															,0
															,0
															,0
															,1
														]
													}
												]
											}
										]
									}
								]
							}
						]
					}
				]
			}
			,{
				 "name": "mremireh_shoe"
				,"transformation": [
					 1
					,0
					,0
					,0
					,0
					,1
					,0
					,0
					,0
					,0
					,1
					,0
					,0
					,0
					,0
					,1
				]
				,"meshes": [
					 0
				]
			}
			,{
				 "name": "mremireh_body"
				,"transformation": [
					 1
					,0
					,0
					,0
					,0
					,1
					,0
					,0
					,0
					,0
					,1
					,0
					,0
					,0
					,0
					,1
				]
				,"meshes": [
					 1
				]
			}
		]
	}
	,"flags": 8
	,"meshes": [
           {
			 "name": "mremireh_bodyMesh"
			,"materialindex": 0
			,"primitivetypes": 4
			,"vertices": [
				 -13.3067
				,194.149
				,17.8601
				,-12.0819
				,192.862
				,16.3875
				,-10.1588
				,193.359
				,17.8438
				,-11.4387
				,194.803
				,19.1998
				,-15.6244
				,191.401
				,15.7417
				,-12.9435
				,190.989
				,14.541
				,-15.7069
				,188.351
				,13.4803
				,-12.6901
				,188.614
				,13.2624
				,-11.8536
				,186.361
				,12.866
				,-14.4813
				,184.624
				,12.2673
				,-12.2116
				,182.74
				,13.5738
				,-10.2003
				,185.103
				,13.3516
				,-9.48339
				,182.876
				,15.9373
				,-8.58004
				,184.936
				,14.5906
				,-8.35155
				,192.499
				,18.7492
				,-7.11968
				,190.779
				,18.7406
				,-6.60742
				,191.171
				,21.1609
				,-8.39252
				,193.779
				,21.2104
				,-7.55125
				,196.417
				,23.4512
				,-5.82521
				,198.571
				,24.4999
				,-6.5843
				,201.332
				,24.4214
				,-12.7771
				,198.571
				,21.1624
				,-15.3339
				,197.609
				,18.9211
				,-18.3496
				,193.043
				,15.2034
				,-19.3088
				,188.797
				,13.2891
				,-17.9831
				,183.356
				,13.3446
				,-14.7761
				,180.987
				,15.6309
				,-11.1006
				,181.332
				,18.1919
				,-4.7718
				,191.78
				,23.2501
				,-3.82822
				,193.711
				,24.3362
				,-6.05746
				,206.403
				,20.8819
				,-12.9815
				,203.753
				,17.6948
				,-16.3584
				,201.007
				,15.2468
				,-19.8454
				,194.992
				,10.7974
				,-21.1042
				,187.63
				,8.82051
				,-18.9775
				,180.601
				,9.32598
				,-14.0218
				,177.388
				,12.5194
				,-10.0804
				,178.1
				,18.6275
				,-4.81529
				,185.151
				,-21.1407
				,-4.34778
				,178.803
				,-18.8375
				,-9.71968
				,178.823
				,-17.5021
				,-9.35899
				,186.127
				,-19.6421
				,-13.677
				,179.305
				,-15.9261
				,-14.8654
				,187.136
				,-16.8463
				,-4.45083
				,173.912
				,-15.2455
				,-9.42735
				,173.865
				,-13.8547
				,-13.6787
				,174.385
				,-11.8602
				,-4.81228
				,192.702
				,-21.2814
				,-9.97329
				,193.115
				,-19.2515
				,-6.72054
				,207.413
				,-13.2633
				,-5.42356
				,200.144
				,-18.6757
				,-10.6107
				,199.757
				,-16.4899
				,-10.9538
				,205.906
				,-11.8472
				,-10.858
				,208.975
				,-8.41722
				,-6.69088
				,210.83
				,-9.03529
				,-10.8138
				,211.378
				,-4.14825
				,-6.93494
				,213.281
				,-3.91726
				,-11.0926
				,212.112
				,0.385136
				,-6.92564
				,214.676
				,2.16295
				,-14.0228
				,193.037
				,-17.0001
				,-14.8538
				,197.55
				,-14.8277
				,-16.2704
				,201.201
				,-11.0474
				,-19.6202
				,181
				,-9.41408
				,-20.7209
				,186.458
				,-10.1221
				,-18.0681
				,175.822
				,-5.93587
				,-20.9053
				,180.541
				,-9.56112
				,-19.6202
				,181
				,-9.41408
				,-18.0681
				,175.822
				,-5.93587
				,-18.6761
				,175.773
				,-5.3565
				,-16.7274
				,173.483
				,-1.53695
				,-13.9253
				,171.735
				,-4.92644
				,-16.7274
				,173.483
				,-1.53695
				,-20.3622
				,175.383
				,-4.54538
				,-23.0793
				,180.895
				,-9.36607
				,-19.2497
				,174.137
				,-1.63071
				,-16.3787
				,173.625
				,0.403484
				,-19.1871
				,175.381
				,-0.076345
				,-17.6629
				,174.851
				,2.17275
				,-20.0397
				,177.048
				,0.810175
				,-20.4009
				,177.691
				,-1.45878
				,-20.6661
				,178.291
				,-3.52314
				,-21.6172
				,181.848
				,-6.87894
				,-24.2207
				,184.644
				,-10.8526
				,-23.7605
				,186.312
				,-7.8939
				,-25.5013
				,189.111
				,-9.38216
				,-24.3712
				,188.424
				,-7.89038
				,-21.9286
				,184.674
				,-10.0286
				,-20.7209
				,186.458
				,-10.1221
				,-23.0793
				,180.895
				,-9.36607
				,-22.6377
				,189.3
				,-8.78344
				,-21.4621
				,192.025
				,-7.01819
				,-21.8499
				,183.284
				,-5.36706
				,-24.046
				,185.35
				,-3.74156
				,-24.195
				,186.484
				,-5.4128
				,-23.2042
				,192.064
				,-6.88774
				,-25.5013
				,189.111
				,-9.38216
				,-26.333
				,191.544
				,-6.99657
				,-24.5929
				,188.269
				,1.15955
				,-22.8868
				,188.351
				,2.20593
				,-23.4817
				,192.181
				,0.723709
				,-25.7667
				,191.172
				,0.469593
				,-26.4615
				,192.737
				,-1.65131
				,-23.6189
				,194.26
				,-1.92956
				,-24.4695
				,194.096
				,-4.50014
				,-22.2732
				,194.491
				,-1.73426
				,-21.4621
				,192.025
				,-7.01819
				,-24.4695
				,194.096
				,-4.50014
				,-22.2732
				,194.491
				,-1.73426
				,-20.5286
				,195.445
				,7.60925
				,-22.0683
				,190.395
				,4.03175
				,-22.6135
				,192.874
				,1.5406
				,-23.1456
				,183.298
				,-2.40638
				,-24.74
				,189.399
				,-2.37069
				,-24.2667
				,189.642
				,-5.55079
				,-23.6189
				,194.26
				,-1.92956
				,-26.6696
				,192.815
				,-4.3154
				,-9.15765
				,170.37
				,-8.01078
				,-13.9253
				,171.735
				,-4.92644
				,-12.5308
				,170.958
				,-1.42913
				,-9.15765
				,170.37
				,-8.01078
				,-6.02605
				,167.985
				,-5.71946
				,-12.0645
				,171.434
				,3.25407
				,7.55024
				,196.404
				,23.4736
				,5.84884
				,198.567
				,24.624
				,3.81615
				,193.707
				,24.3495
				,4.77783
				,191.769
				,23.2667
				,12.757
				,198.563
				,21.1664
				,6.61018
				,201.378
				,24.5217
				,13.2944
				,194.184
				,17.8257
				,11.3801
				,194.895
				,19.1486
				,10.2073
				,193.283
				,17.8983
				,12.0688
				,192.798
				,16.4604
				,12.9307
				,190.892
				,14.67
				,15.588
				,191.344
				,15.8161
				,8.38674
				,193.759
				,21.2205
				,8.4536
				,192.402
				,18.8608
				,6.66598
				,191.15
				,21.1913
				,7.22172
				,190.705
				,18.9354
				,9.11717
				,182.063
				,15.6266
				,12.0132
				,182.696
				,13.1262
				,10.3083
